100 193
101 220
103 248
105 275
113 300
129 320
150 336
173 348
201 351
229 350
250 339
268 326
281 306
289 284
294 261
299 238
305 215
138 171
153 166
169 166
183 168
197 173
231 179
247 182
259 184
271 186
281 193
212 192
211 206
212 220
211 235
187 249
196 253
207 256
217 254
227 253
153 193
164 188
176 189
184 199
174 201
162 199
237 205
245 200
257 201
265 208
256 210
245 208
164 288
183 280
198 277
208 280
217 277
231 283
247 293
232 300
218 301
208 302
197 299
183 296
171 288
197 287
207 289
217 287
242 293
218 290
209 290
198 288
